011110111101111000000000000000000000000000000000000000000000110001100011000101001010010100
101111011110111000000000000000000000000000000000000000000000011000110001100010100101001010
110111101111011000000000000000000000000000000000000000000000001100011000110001010010100101
111011110111101000000000000000000000000000000000000000000000000110001100011100101001010010
000000000000000011110111101111000000000000000110001100011000110001100011000101111011110111
000000000000000101111011110111000000000000000011000110001100011000110001100110111101111011
000000000000000110111101111011000000000000000001100011000110001100011000110111011110111101
000000000000000111011110111101000000000000000000110001100011000110001100011111101111011110
000000000000000000000000000000011110111101111101001010010100101111011110111100101001010010
000000000000000000000000000000101111011110111010100101001010110111101111011010010100101001
000000000000000000000000000000110111101111011001010010100101111011110111101101001010010100
000000000000000000000000000000111011110111101100101001010010111101111011110010100101001010
000100110101111000000000000000000000000000000000000000000000110001001101011110001001101011
100010011010111000000000000000000000000000000000000000000000111000100110101111000100110101
110001001101011000000000000000000000000000000000000000000000111100010011010111100010011010
111000100110101000000000000000000000000000000000000000000000011110001001101011110001001101
000000000000000000100110101111000000000000000110001001101011110001001101011000000000000000
000000000000000100010011010111000000000000000111000100110101111000100110101000000000000000
000000000000000110001001101011000000000000000111100010011010111100010011010000000000000000
000000000000000111000100110101000000000000000011110001001101011110001001101000000000000000
000000000000000000000000000000000100110101111110001001101011110001001101011110001001101011
000000000000000000000000000000100010011010111111000100110101111000100110101111000100110101
000000000000000000000000000000110001001101011111100010011010111100010011010111100010011010
000000000000000000000000000000111000100110101011110001001101011110001001101011110001001101
000000000000000111010110010001111010110010001011110101100100000000000000000000000000000000
000000000000000111101011001000111101011001000001111010110010000000000000000000000000000000
000000000000000011110101100100011110101100100000111101011001000000000000000000000000000000
000000000000000001111010110010001111010110010100011110101100000000000000000000000000000000
111010110010001111010110010001111010110010001000000000000000011110101100100000000000000000
111101011001000111101011001000111101011001000000000000000000001111010110010000000000000000
011110101100100011110101100100011110101100100000000000000000000111101011001000000000000000
001111010110010001111010110010001111010110010000000000000000100011110101100000000000000000
111010110010001000000000000000111010110010001000000000000000000000000000000011110101100100
111101011001000000000000000000111101011001000000000000000000000000000000000001111010110010
011110101100100000000000000000011110101100100000000000000000000000000000000000111101011001
001111010110010000000000000000001111010110010000000000000000000000000000000100011110101100
011011011011011000000000000000000000000000000000000000000000000000000000000110110110110110
101101101101101000000000000000000000000000000000000000000000000000000000000011011011011011
000000000000000011011011011011000000000000000000000000000000101101101101101000000000000000
000000000000000101101101101101000000000000000000000000000000110110110110110000000000000000
000000000000000000000000000000011011011011011101101101101101000000000000000000000000000000
000000000000000000000000000000101101101101101110110110110110000000000000000000000000000000
111111111111111000000000000000111111111111111000000000000000000000000000000000000000000000
000000000000000000000000000000000000000000000000000000000000111111111111111111111111111111
000000000000000111111111111111000000000000000111111111111111000000000000000000000000000000