000100110100101101110101100111110111111110011010100011111000101000011010111100
100010011010010110111010110011111011111011001101010001111100010100001101011110
110001001101001011011101011001111101111001100110101000111110001010000110101111
111000100110100101101110101100111110111100110011010100011111000101000011010111
111100010011010010110111010110011111011110011001101010001111100010100001101011
111110001001101001011011101011001111101111001100110101000111110001010000110101
111111000100110100101101110101100111110111100110011010100011111000101000011010
011111100010011010010110111010110011111011110011001101010001111100010100001101
101111110001001101001011011101011001111101111001100110101000111110001010000110
110111111000100110100101101110101100111010111100110011010100011111000101000011
111011111100010011010010110111010110011101011110011001101010001111100010100001
111101111110001001101001011011101011001110101111001100110101000111110001010000
100111101011000010100011111000101011001011111101111100110101110110100101100100
110011110101100001010001111100010101100001111110111110011010111011010010110010
011001111010110000101000111110001010110000111111011111001101011101101001011001
001100111101011000010100011111000101011100011111101111100110101110110100101100
100110011110101100001010001111100010101010001111110111110011010111011010010110
110011001111010110000101000111110001010001000111111011111001101011101101001011
011001100111101011000010100011111000101100100011111101111100110101110110100101
101100110011110101100001010001111100010110010001111110111110011010111011010010
010110011001111010110000101000111110001011001000111111011111001101011101101001
101011001100111101011000010100011111000101100100011111101111100110101110110100
010101100110011110101100001010001111100010110010001111110111110011010111011010
001010110011001111010110000101000111110001011001000111111011111001101011101101
011010000010001101000001000110100000100011111111111101111111111110111111111111
001101000001000110100000100011010000010101111111111110111111111111011111111111
000110100000100011010000010001101000001110111111111111011111111111101111111111
100011010000010001101000001000110100000111011111111111101111111111110111111111
010001101000001000110100000100011010000111101111111111110111111111111011111111
001000110100000100011010000010001101000111110111111111111011111111111101111111
000100011010000010001101000001000110100111111011111111111101111111111110111111
000010001101000001000110100000100011010111111101111111111110111111111111011111
000001000110100000100011010000010001101111111110111111111111011111111111101111
100000100011010000010001101000001000110111111111011111111111101111111111110111
010000010001101000001000110100000100011111111111101111111111110111111111111011
101000001000110100000100011010000010001111111111110111111111111011111111111101
011011011011011011011011011011011011011011011011011011011011011011011011011011
101101101101101101101101101101101101101101101101101101101101101101101101101101
111111111111111111111111111111111111111111111111111111111111111111111111111111